image: binary_grid.png
resolution: 0.01
origin: [-19.000000, -19.000000, 0.000000]
occupied_thresh: 0.6
free_thresh: 0.3
negate: 0
